0.5161905884742737
0.5405693054199219
0.5425217151641846
0.5301991105079651
0.4587230980396271
0.397787481546402
0.466198205947876
0.5435409545898438
0.6063129305839539
0.6171266436576843
0.6338977217674255
0.6322398781776428
0.6251674890518188
0.6075416207313538
0.5541146397590637
0.48397862911224365
0.4443107545375824
0.45271942019462585
0.5294538736343384
0.6023247241973877
0.6675409078598022
0.6913824081420898
0.7053852081298828
0.7356745600700378
0.7632952332496643
0.7913126349449158
0.7944855093955994
0.7747215032577515
0.7152606844902039
0.6624729037284851
0.574492335319519
0.5123324990272522
0.4703017473220825
0.47109028697013855
0.496515691280365
0.5243111848831177
0.5411671996116638
0.5194900631904602
0.500822126865387
0.5097737312316895
0.504428505897522
0.49941739439964294
0.5193056464195251
0.5511053800582886
0.5578168630599976
0.5683227181434631
0.5944434404373169
0.6110709309577942
0.613723635673523
0.5804663300514221
0.5148359537124634
0.4610539376735687
0.45532068610191345
0.49795085191726685
0.5445259809494019
0.6018266677856445
0.6496708989143372
0.6925961375236511
0.7030107378959656
0.646338939666748
0.5403185486793518
0.4647512137889862
0.45742344856262207
0.49056434631347656
0.5137640237808228
0.5332731008529663
0.5337595343589783
0.5138935446739197
0.4884454607963562
0.45507892966270447
0.4769374132156372
0.5135159492492676
0.6051984429359436
0.6597988605499268
0.7097378969192505
0.6951486468315125
0.6261089444160461
0.5331385135650635
0.4647587239742279
0.45410671830177307
0.4832647144794464
0.5350236892700195
0.591978132724762
0.6753576397895813
0.7487983107566833
0.7988807559013367
0.7661893367767334
0.6816996335983276
0.5796247124671936
0.5447812676429749
0.5196521878242493
0.516924262046814
0.4942170977592468
0.48770415782928467
0.471863716840744
0.504986584186554
0.49651259183883667
0.5035260319709778
0.4988408088684082
0.49766290187835693
0.5021335482597351
0.5008353590965271
0.5249131917953491
0.5412707924842834
0.565778911113739
0.5533528923988342
0.5409433245658875
0.5190576314926147
0.5052602291107178
0.5007179379463196
0.4991297125816345
0.4978284239768982
0.4982607364654541
0.49855440855026245
0.4990013539791107
0.49876469373703003
0.49860894680023193
0.5206801891326904
0.5941961407661438
0.6480366587638855
0.6877613067626953
0.681151807308197
0.6561518311500549
0.6195701360702515
0.533911406993866
0.48846301436424255
0.45139703154563904
0.4866536557674408
0.5115205645561218
0.5473852157592773
0.5680093169212341
0.589536190032959
0.611212432384491
0.640625
0.639458954334259
0.6159179210662842
0.5425260663032532
0.39435014128685
0.24785172939300537
0.1938975304365158
0.3715522587299347
0.6514302492141724
0.8697493672370911
0.9755036234855652
0.9966763257980347
0.9993646740913391
0.9998419880867004
0.9998973608016968
0.999906063079834
0.9998998641967773
0.9998903274536133
0.9998611211776733
0.9998551607131958
0.9998252391815186
0.999800443649292
0.9997649192810059
0.999739408493042
0.999755322933197
0.9997619390487671
0.9997785091400146
0.9998106956481934
0.9998514652252197
0.9998852014541626
0.9999133348464966
0.9999359250068665
0.9999685287475586
0.9999797344207764
0.999981701374054
0.9999828338623047
0.9999805688858032
0.9999750852584839
0.9999659061431885
0.9999599456787109
0.9999499320983887
0.9999408721923828
0.9999319314956665
0.9999219179153442
0.9998223781585693
0.9997754096984863
0.9997016787528992
0.9996530413627625
0.9996337890625
0.9995215535163879
0.9995817542076111
0.9995715618133545
0.999605655670166
0.9996481537818909
0.9996798038482666
0.99979567527771
0.9998288750648499
0.9998544454574585
0.999846339225769
0.999841034412384
0.9998257160186768
0.999803900718689
0.9997875094413757
0.9997882843017578
0.9997846484184265
0.9997972846031189
0.9997949600219727
0.999793291091919
0.999803364276886
0.9998146891593933
0.9998450875282288
0.9998449087142944
0.9998504519462585
0.9998326301574707
0.9998124837875366
0.9997673630714417
0.9996808767318726
0.9996121525764465
0.9995467662811279
0.9995222687721252
0.9995400905609131
0.9995843172073364
0.999671459197998
0.9997463226318359
0.9998041391372681
0.9998327493667603
0.9998476505279541
0.9998692870140076
0.9998817443847656
0.9998940229415894
0.9998758435249329
0.9998396039009094
0.9997947216033936
0.9997367858886719
0.9996997714042664
0.9996224045753479
0.999599039554596
0.9995827674865723
0.999596893787384
0.9996067881584167
0.9996162056922913
0.9996613264083862
0.9996744394302368
0.9997060894966125
0.9996305108070374
0.999666690826416
0.9996466636657715
0.9996547698974609
0.9996750950813293
0.9996328949928284
0.9997237324714661
0.9997261166572571
0.9997590780258179
0.999790608882904
0.9998266100883484
0.9998759627342224
0.9998832941055298
0.9998908042907715
0.999891459941864
0.9998928904533386
0.9998716711997986
0.9998601078987122
0.9998431205749512
0.9998401403427124
0.9998420476913452
0.9998548626899719
0.9998786449432373
0.9998911619186401
0.9999052286148071
0.9999134540557861
0.9999253153800964
0.9999367594718933
0.9999498724937439
0.9999563694000244
0.9999634027481079
0.9999653100967407
0.999963104724884
0.9999634027481079
0.9999566674232483
0.9999504089355469
0.9999212026596069
0.9998470544815063
0.9997972846031189
0.9996623992919922
0.9995784759521484
0.9995131492614746
0.9995010495185852
0.9995772838592529
0.9996320009231567
0.9997611045837402
0.9998019933700562
0.9997259378433228
0.9977635145187378
0.9916597008705139
0.9640271067619324
0.8280003070831299
0.5696257948875427
0.2893122434616089
0.18541449308395386
0.3177197277545929
0.44395002722740173
0.5308288335800171
0.5494093894958496
0.5310600399971008
0.5299120545387268
0.4912899434566498
0.4872204065322876
0.485105961561203
0.5013536214828491
0.49604493379592896
0.48730942606925964
0.4911886751651764
0.5058969259262085
0.5205027461051941
0.5441778898239136
0.5676296949386597
0.6177399754524231
0.6343454718589783
0.6448176503181458
0.6349543333053589
0.6548555493354797
0.6615464687347412
0.6645162105560303
0.6429917216300964
0.5984297394752502
0.5527119040489197
0.5450531840324402
0.5290192365646362
0.5193845629692078
0.5065562129020691
0.4789228141307831
0.45223918557167053
0.4915841519832611
0.537377119064331
0.5504300594329834
0.533604621887207
0.5211390852928162
0.5166226029396057
0.516830563545227
0.5196147561073303
0.5127121806144714
0.49571770429611206
0.44878676533699036
0.4720343053340912
0.5126771330833435
0.5783957242965698
0.6120755076408386
0.6340290904045105
0.6380926966667175
0.646640419960022
0.6349433660507202
0.6302508115768433
0.6006952524185181
0.5583239197731018
0.5087262392044067
0.48203393816947937
0.482205331325531
0.4937482476234436
0.49846965074539185
0.4994443356990814
0.49555933475494385
0.48999711871147156
0.4898717403411865
0.5047640800476074
0.5211459994316101
0.5274782180786133
0.5223302841186523
0.5160239338874817
0.49133437871932983
0.47234979271888733
0.46522971987724304
0.5330036282539368
0.6136066317558289
0.6604541540145874
0.6767867803573608
0.6652075052261353
0.6547068953514099
0.6137018203735352
0.5486457943916321
0.47958967089653015
0.47450992465019226
0.48525378108024597
0.5068157315254211
0.5172116756439209
0.5339672565460205
0.5528337955474854
0.5579846501350403
0.5220173001289368
0.4570842683315277
0.4207230508327484
0.46324604749679565
0.552329957485199
0.6297992467880249
0.6857415437698364
0.6991959810256958
0.7137616276741028
0.6912355422973633
0.6386385560035706
0.6105321645736694
0.5817274451255798
0.5739930868148804
0.5657032132148743
0.5738267302513123
0.5870500206947327
0.5990334749221802
0.5756833553314209
0.5266014933586121
0.4842434823513031
0.48101118206977844
0.4971422553062439
0.4946403205394745
0.4948089122772217
0.48338934779167175
0.49974024295806885
0.5089737772941589
0.5436131954193115
0.5538790822029114
0.5655855536460876
0.5757722854614258
0.5920596718788147
0.5961830019950867
0.609984278678894
0.5991333723068237
0.5448253154754639
0.49129435420036316
0.45836588740348816
0.48966798186302185
0.4988609552383423
0.48383352160453796
0.49788928031921387
0.4976217448711395
0.49045753479003906
0.49665796756744385
0.49403849244117737
0.4799836277961731
0.5002316236495972
0.5159658789634705
0.5423544645309448
0.5308950543403625
0.49135538935661316
0.4109659790992737
0.3709886968135834
0.3285510241985321
0.23993724584579468
0.21692582964897156
0.424596905708313
0.6929043531417847
0.8965962529182434
0.9822394847869873
0.9956708550453186
0.9994511604309082
0.999860942363739
0.9999566078186035
0.9999763369560242
0.9999777674674988
0.9999712705612183
0.9999576210975647
0.999941885471344
0.999905526638031
0.9998780488967896
0.9998420476913452
0.9998183846473694
0.9998012781143188
0.9998002052307129
0.9998225569725037
0.9998478889465332
0.9998804926872253
0.9999092221260071
0.99993896484375
0.9999501705169678
0.9999564290046692
0.9999568462371826
0.9999582171440125
0.9999572038650513
0.9999511241912842
0.9999440908432007
0.9999264478683472
0.9998978972434998
0.9998513460159302
0.9998241662979126
0.9997721314430237
0.9996877908706665
0.9996455907821655
0.9995794892311096
0.9995331764221191
0.9995115399360657
0.9995278716087341
0.9995840787887573
0.9996405839920044
0.9996750354766846
0.9997462034225464
0.9997885227203369
0.9997905492782593
0.9998273849487305
0.9998421669006348
0.9998676180839539
0.9998592734336853
0.9998655319213867
0.9998652338981628
0.9998698234558105
0.9998687505722046
0.9998683333396912
0.9998870491981506
0.9998895525932312
0.9998942017555237
0.9998949766159058
0.9998844265937805
0.9998601078987122
0.9998562335968018
0.9998435974121094
0.9998459219932556
0.9998477697372437
0.9998271465301514
0.9998029470443726
0.9997773766517639
0.9997345805168152
0.9997391104698181
0.9997429251670837
0.999774158000946
0.9998182654380798
0.9998416900634766
0.9998798966407776
0.9998992681503296
0.999923586845398
0.9999364018440247
0.9999530911445618
0.9999462962150574
0.9999338388442993
0.9999020099639893
0.9998730421066284
0.9998252391815186
0.9998016357421875
0.9997682571411133
0.999745786190033
0.9997397065162659
0.9997172355651855
0.9997413754463196
0.9997371435165405
0.9997732639312744
0.9998037219047546
0.999843180179596
0.9998819828033447
0.999897301197052
0.9999235272407532
0.9999299049377441
0.9999414682388306
0.9999443292617798
0.9999451041221619
0.9999325275421143
0.9999219179153442
0.9999076128005981
0.9999001622200012
0.9998959898948669
0.9998912215232849
0.999887228012085
0.9998912811279297
0.9998947381973267
0.9999037981033325
0.999921977519989
0.9999345541000366
0.9999507665634155
0.9999551773071289
0.9999592304229736
0.9999598860740662
0.9999580979347229
0.9999532699584961
0.9999412894248962
0.9999209046363831
0.9998833537101746
0.9998567700386047
0.9998276829719543
0.9998149871826172
0.9998188018798828
0.9998403191566467
0.9998757839202881
0.999903678894043
0.9999356269836426
0.9999555945396423
0.9999663233757019
0.9999716281890869
0.9999740123748779
0.9999752044677734
0.9999772310256958
0.9999665021896362
0.99996417760849
0.9999518394470215
0.9999386072158813

