1.0
1.0
1.0
1.0
1.0
0.9999999403953552
1.0
1.0
1.0
1.0
1.0
1.0
1.0
1.0
1.0
1.0
1.0
1.0
1.0
1.0
1.0
1.0
1.0
1.0
1.0
1.0
1.0
1.0
1.0
1.0
1.0
1.0
1.0
1.0
1.0
1.0
1.0
1.0
1.0
1.0
1.0
1.0
1.0
1.0
1.0
1.0
1.0
1.0
1.0
1.0
1.0
1.0
1.0
1.0
1.0
1.0
1.0
1.0
1.0
1.0
1.0
1.0
1.0
1.0
1.0
1.0
1.0
1.0
1.0
1.0
1.0
1.0
1.0
1.0
1.0
1.0
1.0
1.0
1.0
1.0
1.0
1.0
0.9999998211860657
0.9999997615814209
0.9999997615814209
0.9999997615814209
0.9999998211860657
0.9999998807907104
1.0
1.0
1.0
1.0
1.0
1.0
1.0
1.0
1.0
1.0
1.0
1.0
1.0
1.0
1.0
1.0
1.0
1.0
1.0
1.0
1.0
1.0
1.0
1.0
1.0
1.0
0.9999999403953552
0.9999999403953552
1.0
1.0
1.0
1.0
1.0
1.0
0.9999999403953552
1.0
1.0
1.0
1.0
1.0
1.0
1.0
1.0
1.0
1.0
1.0
1.0
0.9999849200248718
0.9990882873535156
0.9525377154350281
0.6669411659240723
0.3534102439880371
0.08014070242643356
0.4271323084831238
0.730434000492096
0.9842402338981628
0.99928879737854
0.9998306035995483
0.9999006986618042
0.999902069568634
0.9998922348022461
0.9998815059661865
0.9998390674591064
0.9997979402542114
0.9997614622116089
0.9997245073318481
0.9997142553329468
0.9997119307518005
0.9997537732124329
0.9998056292533875
0.999841570854187
0.999872088432312
0.9998903274536133
0.9999006390571594
0.9998841285705566
0.9998570680618286
0.9998058080673218
0.999785304069519
0.9997686743736267
0.9997586607933044
0.9997773170471191
0.9997987151145935
0.9998518228530884
0.9998772740364075
0.9998947381973267
0.9999178647994995
0.9999327659606934
0.99994295835495
0.999953031539917
0.9999648332595825
0.9999750256538391
0.9999810457229614
0.9999802112579346
0.9999799132347107
0.9999695420265198
0.9999600648880005
0.9999469518661499
0.9999423027038574
0.9999364614486694
0.9999308586120605
0.9999310970306396
0.999932050704956
0.9999380111694336
0.9999415874481201
0.9999463558197021
0.9999477863311768
0.9999432563781738
0.9999152421951294
0.9998446702957153
0.9997615814208984
0.9997054934501648
0.9996107816696167
0.9995328187942505
0.9994857311248779
0.999506413936615
0.9995735287666321
0.9996263980865479
0.9997134208679199
0.9998168349266052
0.999882698059082
0.9999083876609802
0.9999255537986755
0.9999344348907471
0.9999457597732544
0.9999347925186157
0.9998890161514282
0.9998833537101746
0.9998680353164673
0.9998610615730286
0.9998764395713806
0.9998862743377686
0.999929666519165
0.9999329447746277
0.9999362826347351
0.9999492764472961
0.9999604225158691
0.9999666810035706
0.9999679923057556
0.9999750256538391
0.9999758005142212
0.9999637007713318
0.9999527931213379
0.9999485015869141
0.9999492764472961
0.9999501705169678
0.9999521374702454
0.9999619722366333
0.9999722242355347
0.9999736547470093
0.9999716877937317
0.99997478723526
0.9999770522117615
0.9999785423278809
0.9999790191650391
0.9999769926071167
0.9999763369560242
0.9999739527702332
0.9999707341194153
0.9999684691429138
0.9999709129333496
0.9999697804450989
0.999971866607666
0.9999724626541138
0.9999699592590332
0.9999712705612183
0.9999667406082153
0.9999659657478333
0.9999647736549377
0.999962329864502
0.9999577403068542
0.9999511241912842
0.9999431371688843
0.9999386668205261
0.9999385476112366
0.9999383091926575
0.9999441504478455
0.9999405145645142
0.9999344348907471
0.999923825263977
0.9999147653579712
0.9999194145202637
0.999925971031189
0.9999368190765381
0.9999520778656006
0.9999615550041199
0.999968409538269
0.9999706149101257
0.9999723434448242
0.9999787211418152
0.9999792575836182
0.9999764561653137
0.9999711513519287
0.9999637603759766
0.9999556541442871
0.9999512434005737
0.9999009370803833
0.9997735619544983
0.999131441116333
0.9984076023101807
0.9962145090103149
0.9773831963539124
0.7086002826690674
0.40578967332839966
0.06260641664266586
0.3756330609321594
0.6845743060112
0.9683293104171753
0.9997795820236206
0.9999948740005493
1.0
1.0
1.0
1.0
1.0
1.0
1.0
1.0
1.0
1.0
1.0
1.0
1.0
1.0
1.0
1.0
1.0
1.0
1.0
1.0
1.0
1.0
1.0
1.0
1.0
1.0
1.0
1.0
1.0
1.0
1.0
1.0
1.0
1.0
1.0
1.0
1.0
1.0
1.0
1.0
1.0
1.0
1.0
1.0
1.0
1.0
1.0
1.0
1.0
1.0
1.0
0.9999999403953552
0.9999999403953552
1.0
1.0
1.0
1.0
1.0
1.0
1.0
1.0
1.0
1.0
1.0
1.0
1.0
1.0
1.0
1.0
1.0
0.9999998807907104
0.9999998807907104
0.9999998211860657
0.9999995231628418
0.9999994039535522
0.9999992251396179
0.9999992251396179
0.9999992847442627
0.9999992847442627
0.9999995231628418
0.9999997019767761
0.9999998211860657
0.9999998807907104
1.0
1.0
1.0
1.0
1.0
1.0
1.0
1.0
1.0
1.0
1.0
1.0
1.0
1.0
0.9999998807907104
1.0
0.9999999403953552
1.0
1.0
0.9999999403953552
1.0
1.0
0.9999999403953552
1.0
1.0
1.0
1.0
1.0
1.0
0.9999997615814209
0.9999996423721313
0.9999995827674866
0.9999994039535522
0.9999992847442627
0.9999992251396179
0.9999988675117493
0.9999985694885254
0.9999983310699463
0.9999982118606567
0.9999982714653015
0.9999985098838806
0.9999990463256836
0.9999995827674866
0.9999997019767761
0.9999998211860657
1.0
1.0
1.0
1.0
1.0
1.0
1.0
1.0
0.999998152256012
0.9991692304611206
0.8774551153182983
0.5790889859199524
0.24019519984722137
0.1645471155643463
0.5194867849349976
0.8193232417106628
0.9977743625640869
0.9999102354049683
0.9999536871910095
0.9999839663505554
0.9999913573265076
0.9999937415122986
0.9999908208847046
0.9999891519546509
0.999985933303833
0.9999817609786987
0.9999697208404541
0.9999603629112244
0.9999443888664246
0.9999325275421143
0.99992835521698
0.99992436170578
0.9999354481697083
0.9999398589134216
0.999951958656311
0.9999567866325378
0.999957799911499
0.999962329864502
0.9999657869338989
0.9999732971191406
0.9999756813049316
0.9999817609786987
0.999984622001648
0.9999849796295166
0.9999820590019226
0.9999811053276062
0.9999797940254211
0.9999771118164062
0.9999663829803467
0.999951958656311
0.9999277591705322
0.9999014139175415
0.9998835325241089
0.9998741745948792
0.9998862743377686
0.999901533126831
0.9999232292175293
0.9999445676803589
0.9999529719352722
0.9999595284461975
0.9999589323997498
0.9999603033065796
0.9999650716781616
0.999963104724884
0.9999401569366455
0.9999206066131592
0.999901533126831
0.9998785853385925
0.9998672604560852
0.9998176097869873
0.9998109936714172
0.9997415542602539
0.9996809959411621
0.9995933771133423
0.9995504021644592
0.999505341053009
0.9994320869445801
0.9994221329689026
0.999347448348999
0.9993825554847717
0.9993280172348022
0.9994018077850342
0.9995143413543701
0.9996166229248047
0.99977046251297
0.9998461008071899
0.9999516606330872
0.999981164932251
0.9999909400939941
0.9999939799308777
0.9999946355819702
0.9999949336051941
0.9999935626983643
0.9999858736991882
0.9999727606773376
0.9999545812606812
0.9999302625656128
0.9999223947525024
0.9999144673347473
0.999924898147583
0.9999410510063171
0.9999573230743408
0.9999779462814331
0.9999829530715942
0.999988853931427
0.9999880790710449
0.9999886751174927
0.9999891519546509
0.999990701675415
0.999990701675415
0.9999904632568359
0.9999903440475464
0.9999905824661255
0.9999903440475464
0.999991238117218
0.9999929070472717
0.9999944567680359
0.9999957084655762
0.9999962449073792
0.9999961256980896
0.9999957084655762
0.9999958276748657
0.9999958276748657
0.9999960660934448
0.9999932050704956
0.9999905228614807
0.9999877214431763
0.9999785423278809
0.9999695420265198
0.9999647736549377
0.9999607801437378
0.9999610781669617
0.9999617338180542
0.9999668598175049
0.9999741911888123
0.9999719262123108
0.9999703764915466
0.9999707341194153
0.9999685287475586
0.9999665021896362
0.9999614953994751
0.9999595284461975
0.9999528527259827
0.999937891960144
0.9999322891235352
0.9999314546585083
0.9999363422393799
0.9999366998672485
0.9999431371688843
0.9999505877494812
0.9999511241912842
0.9999424815177917
0.9999396800994873
0.9999395608901978
0.9999334812164307